processing time
IP        : 2716.371324 (100.000000)
FB0       : 3283.556211 (120.880241)
FB1       : 4051.858653 (149.164388)
FB2       : 5047.643993 (185.823048)
FB3       : 5999.728281 (220.872906)
VIA       : 3890.685948 (143.231005)
FB3-FP    : 4605.845776 (169.558769)
